17.995 0.000 112.829 100.778 83.932 54.364 39.506 36.523 107.437 48.401 101.199 104.167 105.904 31.175 0.000 138.104 112.297 116.833 122.522 81.202 90.300 149.479 104.605 107.759 135.676 134.459 137.420 93.514 30.821 33.678 149.687 94.192 70.684 76.795 92.865 87.072 103.337 88.870 97.333 84.166 95.721 85.297 121.484 138.634 170.240 173.209 174.542 0.000 0.000 0.000 0.000 169.093 0.000 0.000 0.000 0.000 158.170 82.615 186.116 136.496 152.924 133.507 182.159 0.000 174.124 182.123 150.866 192.878 0.000 148.402 120.823 168.870 122.087 138.396 161.939 169.568 146.557 174.697 122.580 165.080 177.196 0.000 153.455 163.222
0.000 20.856 72.271 117.433 110.122 148.693 165.150 170.429 79.143 172.321 79.378 124.199 48.228 147.495 132.529 63.675 71.891 92.810 80.233 132.609 99.963 38.257 94.867 93.935 28.945 71.738 35.946 116.316 119.608 128.750 66.548 117.928 106.386 77.974 145.755 98.932 54.829 73.485 87.147 118.783 88.118 61.800 96.580 64.190 102.593 86.406 116.727 82.962 42.812 0.000 17.483 79.846 114.156 103.411 148.397 133.661 144.503 77.702 169.259 76.069 111.681 48.292 156.331 129.148 70.432 79.811 84.147 76.425 157.778 112.530 37.939 102.238 90.909 28.749 76.517 27.367 108.674 133.416 142.351 61.274 121.096 160.491 110.237 144.060
112.829 72.271 19.037 145.354 179.663 145.334 108.881 135.680 143.684 134.297 130.470 175.063 134.473 128.368 172.686 96.538 29.121 102.603 52.307 196.361 63.050 92.928 29.640 127.905 111.100 31.114 32.010 101.544 115.645 96.601 118.649 168.006 98.999 83.446 150.589 86.605 53.061 75.481 81.524 119.592 146.244 127.327 116.083 86.339 106.743 107.930 129.812 160.731 176.132 160.188 58.311 99.454 0.000 162.248 186.863 158.380 177.902 116.673 180.844 139.879 184.663 137.352 170.523 0.000 112.991 110.690 128.747 116.262 155.510 128.361 71.878 110.400 137.829 107.853 115.319 96.404 153.536 148.719 146.409 124.712 194.556 146.459 116.154 175.158
100.778 117.433 145.354 21.363 107.997 82.999 73.014 112.913 39.996 37.556 159.476 34.584 157.864 127.666 74.638 93.126 151.163 170.637 170.777 21.939 116.476 77.188 148.715 26.891 151.666 184.657 141.517 29.330 119.816 97.947 189.625 139.826 94.658 123.940 81.059 97.228 136.726 122.322 133.330 77.253 124.923 136.455 107.744 161.836 144.308 141.778 112.216 148.732 174.306 135.895 116.452 171.932 32.833 156.703 74.715 143.874 130.262 49.326 140.303 161.250 53.317 172.241 133.501 93.539 100.909 175.687 173.319 172.904 42.963 136.300 78.572 165.765 45.126 142.801 188.598 144.151 100.624 136.039 133.655 192.825 167.804 125.233 141.086 80.632
83.932 110.122 179.663 107.997 15.518 29.688 135.681 26.941 65.968 112.465 35.725 83.584 41.977 53.070 28.660 141.700 83.085 66.443 81.142 103.853 119.597 129.065 112.563 102.242 64.030 118.540 142.183 133.059 49.824 125.857 102.648 20.971 64.403 29.170 75.301 66.278 73.554 45.083 43.247 29.508 22.932 40.629 78.185 61.895 68.316 56.452 82.196 63.454 45.912 0.000 105.562 124.492 137.798 64.495 112.387 152.554 143.898 84.703 153.354 61.175 99.650 66.797 154.570 81.827 156.375 100.907 113.965 132.968 136.789 141.704 112.861 133.034 125.078 97.442 130.139 140.863 158.340 127.620 163.386 107.595 85.003 87.446 92.288 108.787
54.364 148.693 145.334 82.999 29.688 25.513 82.644 28.006 51.824 42.336 80.396 42.495 88.592 43.614 25.986 147.516 129.261 129.069 130.756 61.972 134.676 114.057 136.786 78.119 111.663 158.094 159.629 101.659 75.793 103.836 163.918 30.319 102.224 61.562 38.876 77.156 112.946 76.285 63.262 33.269 34.511 99.093 117.042 130.868 133.782 110.237 113.330 124.651 101.963 177.187 164.812 172.482 99.419 105.299 101.949 183.232 128.116 75.154 152.193 130.089 70.931 109.988 168.051 96.066 167.020 0.000 171.989 151.041 117.336 177.464 130.018 176.423 98.211 125.859 169.687 175.322 153.230 169.607 168.207 169.202 166.776 155.621 151.916 87.055
39.506 165.150 108.881 73.014 135.681 82.644 24.741 73.836 67.899 33.026 142.309 97.704 141.919 53.707 106.013 121.564 127.130 156.001 142.850 82.467 64.458 121.669 97.511 70.714 146.762 143.951 129.549 35.113 71.109 29.813 172.510 134.094 85.586 104.719 117.122 94.320 121.359 102.089 99.565 104.149 116.364 122.073 144.071 155.137 155.653 158.490 157.628 168.411 134.463 0.000 153.002 174.546 132.122 157.696 160.352 161.710 155.173 88.013 153.796 162.361 157.063 157.183 164.016 161.990 149.645 185.761 188.799 194.617 136.325 155.151 128.593 164.588 117.542 164.969 192.218 167.805 140.093 158.224 150.208 194.509 172.929 152.326 166.711 171.568
36.523 170.429 135.680 112.913 26.941 28.006 73.836 23.946 87.768 55.512 93.720 82.046 108.156 24.510 43.893 143.626 135.180 130.520 143.895 96.662 116.149 147.698 127.734 114.024 120.010 158.522 159.988 109.840 50.496 79.207 148.098 26.433 98.957 88.540 46.284 86.545 114.158 90.776 77.907 41.996 38.886 102.962 134.923 148.448 161.368 158.155 142.051 159.502 114.737 177.197 172.910 188.024 132.334 128.700 149.279 165.878 171.141 108.143 170.172 154.609 123.006 128.615 174.711 130.444 167.221 195.533 167.285 193.477 151.607 165.847 156.835 184.724 137.910 139.460 171.311 185.442 153.224 173.978 157.331 172.863 187.892 144.927 166.040 125.532
107.437 79.143 143.684 39.996 65.968 51.824 67.899 87.768 18.512 73.692 124.643 28.494 121.777 100.550 42.108 42.130 142.835 136.814 164.984 39.556 82.473 32.182 96.434 27.733 110.161 151.018 98.242 66.881 100.938 80.021 148.581 91.242 80.480 106.067 56.723 34.394 104.967 113.275 99.468 44.608 76.260 106.218 84.032 116.676 109.388 89.797 62.059 105.657 108.353 67.851 76.960 158.165 53.334 90.760 51.382 93.828 86.118 18.703 95.024 132.042 42.747 141.302 101.004 40.174 44.097 167.195 160.224 149.612 71.301 96.894 35.819 118.163 26.946 108.736 153.065 88.910 79.620 98.144 84.155 151.693 126.441 69.945 98.661 50.512
48.401 172.321 134.297 37.556 112.465 42.336 33.026 55.512 73.692 24.008 148.611 35.220 148.787 53.626 74.772 145.487 143.980 164.234 154.391 22.515 117.573 144.924 130.345 93.735 153.832 174.691 172.062 49.345 106.192 56.211 181.446 140.140 99.170 115.442 50.103 104.643 139.026 112.951 109.998 91.625 123.850 129.188 138.702 162.072 173.158 159.677 124.704 163.645 149.562 160.507 174.278 186.078 129.938 135.291 125.163 156.097 157.404 98.117 157.947 172.883 113.766 168.270 169.913 123.351 162.752 183.096 192.663 195.550 130.507 167.372 152.879 184.870 128.430 168.182 191.519 187.227 148.743 174.681 160.319 194.356 185.084 163.188 171.327 79.606
101.199 79.378 130.470 159.476 35.725 80.396 142.309 93.720 124.643 148.611 21.381 142.426 28.042 66.265 78.745 135.692 26.740 27.353 31.710 140.295 111.990 137.660 64.846 156.370 48.951 29.959 83.491 150.142 37.617 109.573 48.182 32.179 71.418 29.725 125.524 67.235 54.046 42.558 50.433 52.302 37.515 34.370 74.683 64.419 76.483 70.202 106.000 81.514 40.093 132.565 83.871 144.868 167.729 91.103 139.653 154.200 120.267 149.557 168.804 71.063 152.743 53.092 146.744 130.047 145.703 141.634 111.744 115.526 164.102 158.229 122.970 145.588 166.179 61.768 111.965 108.468 168.597 152.029 161.727 107.219 104.092 136.491 102.717 139.685
104.167 124.199 175.063 34.584 83.584 42.495 97.704 82.046 28.494 35.220 142.426 24.687 140.551 108.778 43.729 133.268 140.616 163.787 150.767 22.000 162.599 99.614 167.448 36.773 144.865 175.253 173.512 64.864 117.295 156.997 177.462 116.472 115.039 113.790 48.784 80.658 136.280 120.217 110.962 51.848 103.649 124.346 112.118 142.435 154.389 127.595 101.679 137.338 147.953 148.178 147.657 183.504 55.432 103.014 58.469 151.104 77.752 44.518 135.539 156.451 43.520 155.243 142.637 60.120 163.760 173.580 194.160 179.508 61.537 168.052 107.949 185.326 82.537 162.729 169.989 175.494 136.704 170.859 162.381 194.016 151.507 0.000 158.529 58.931
105.904 48.228 134.473 157.864 41.977 88.592 141.919 108.156 121.777 148.787 28.042 140.551 19.439 98.594 80.569 128.088 98.279 84.163 94.169 149.567 132.457 93.646 127.626 151.645 25.254 39.045 32.688 149.761 75.495 123.025 22.360 48.924 79.948 46.071 121.315 68.238 45.126 45.183 48.409 52.341 41.488 23.957 59.847 46.208 54.514 51.303 83.926 64.674 25.877 111.812 53.446 132.475 160.862 72.888 121.431 148.717 135.939 134.047 159.614 45.944 150.888 26.738 134.456 132.847 134.261 111.151 99.091 114.650 154.664 133.741 89.865 134.662 151.325 26.234 77.775 45.639 151.552 120.951 132.848 51.479 83.765 118.452 78.077 128.947
31.175 147.495 128.368 127.666 53.070 43.614 53.707 24.510 100.550 53.626 66.265 108.778 98.594 23.765 81.344 136.450 113.577 46.596 111.873 114.699 102.380 147.934 115.315 123.718 111.911 140.117 148.372 113.537 27.913 47.237 121.212 22.384 68.063 60.831 79.022 87.670 113.056 80.362 80.514 64.219 58.301 84.702 146.761 145.122 163.242 163.775 153.221 165.654 110.633 181.221 156.774 190.125 154.114 171.740 171.825 172.102 175.393 114.878 179.061 147.659 162.329 130.559 177.697 178.792 157.279 175.043 159.182 164.852 166.010 156.879 138.525 179.722 141.526 132.910 149.108 176.836 157.765 175.438 158.944 149.628 183.424 158.000 171.727 152.806
0.000 132.529 172.686 74.638 28.660 25.986 106.013 43.893 42.108 74.772 78.745 43.729 80.569 81.344 18.698 118.239 98.856 125.746 126.643 62.937 116.749 90.463 135.097 60.165 117.720 145.024 146.124 96.017 94.595 104.565 164.371 53.173 0.000 76.477 41.942 54.962 92.013 83.266 90.165 21.322 38.100 81.157 91.827 92.380 108.126 114.598 84.371 102.882 84.454 0.000 145.351 125.659 85.288 79.204 87.428 159.180 126.874 54.097 148.434 116.030 70.509 102.979 148.863 63.592 130.944 152.046 162.141 0.000 102.679 166.918 101.843 196.823 74.468 128.213 131.898 148.537 132.179 148.356 0.000 0.000 69.821 133.813 120.006 71.268
138.104 63.675 96.538 93.126 141.700 147.516 121.564 143.626 42.130 145.487 135.692 133.268 128.088 136.450 118.239 25.906 104.516 128.990 125.953 116.596 39.703 27.631 55.623 34.394 97.867 141.865 43.684 66.560 108.685 107.423 149.697 139.743 93.966 94.168 159.010 90.388 91.635 84.424 88.606 112.035 108.135 113.335 89.522 90.992 91.659 93.421 114.457 132.659 134.293 111.234 63.907 113.764 101.526 166.615 168.960 138.638 158.237 46.889 155.190 133.650 149.470 128.708 145.303 156.503 34.930 120.510 146.718 136.818 101.467 70.502 33.048 93.059 42.736 83.602 138.610 47.991 80.189 120.884 96.978 135.643 147.297 95.541 102.222 163.738
112.297 71.891 29.121 151.163 83.085 129.261 127.130 135.180 142.835 143.980 26.740 140.616 98.279 113.577 98.856 104.516 24.057 45.025 23.325 147.307 64.269 106.992 27.664 136.650 91.181 35.262 76.770 125.502 51.670 90.267 91.939 52.872 66.319 26.927 146.552 95.612 70.840 48.547 68.239 122.228 73.403 100.036 127.123 90.872 122.184 120.546 163.877 196.734 112.659 153.500 72.250 113.236 180.025 196.842 0.000 169.826 195.137 136.365 194.175 121.507 0.000 127.575 187.398 138.297 120.722 118.241 122.434 125.676 183.726 140.456 90.474 123.846 163.474 116.527 120.122 105.926 166.086 171.267 166.531 122.925 194.252 0.000 132.723 183.411
116.833 92.810 102.603 170.637 66.443 129.069 156.001 130.520 136.814 164.234 27.353 163.787 84.163 46.596 125.746 128.990 45.025 17.068 21.926 155.950 112.774 97.702 65.520 167.407 85.022 36.878 86.300 165.142 41.364 112.924 73.326 48.105 84.758 39.304 156.440 93.994 65.750 63.415 66.188 104.584 67.036 68.653 121.098 81.161 121.847 115.564 147.215 126.344 85.835 0.000 74.651 143.083 173.743 142.071 0.000 0.000 176.186 155.737 194.916 107.836 191.794 100.107 194.637 0.000 144.187 128.068 114.400 114.494 194.706 174.096 123.353 156.541 178.182 78.355 113.913 111.286 186.735 180.681 162.204 110.941 137.595 0.000 130.716 174.655
122.522 80.233 52.307 170.777 81.142 130.756 142.850 143.895 164.984 154.391 31.710 150.767 94.169 111.873 126.643 125.953 23.325 21.926 19.989 154.591 85.076 108.458 43.672 160.669 107.648 33.870 80.510 146.306 57.522 99.639 79.579 62.758 69.623 31.753 155.441 92.391 66.282 57.296 62.610 122.862 73.607 82.094 124.610 92.570 125.579 117.564 162.354 0.000 97.767 167.504 80.151 117.762 184.057 0.000 0.000 180.338 191.773 127.952 192.385 108.076 0.000 109.212 189.970 0.000 136.838 121.124 117.994 115.694 179.489 155.116 104.861 135.043 160.892 93.491 113.713 109.318 183.825 165.223 169.054 112.098 196.283 145.124 138.894 182.304
81.202 132.609 196.361 21.939 103.853 61.972 82.467 96.662 39.556 22.515 140.295 22.000 149.567 114.699 62.937 116.596 147.307 155.950 154.591 15.427 167.371 87.646 153.582 32.833 145.195 177.164 167.611 40.294 122.878 97.146 178.929 130.775 0.000 114.159 62.708 79.713 130.003 120.977 133.164 64.595 113.782 125.851 109.741 146.394 154.276 131.565 104.354 138.811 143.668 0.000 141.234 196.140 40.670 123.729 76.574 144.503 117.351 55.176 136.695 161.780 39.468 171.336 133.053 91.115 106.585 167.832 188.455 172.250 47.121 167.013 92.470 188.483 56.125 158.295 189.984 173.154 124.254 147.346 0.000 196.624 154.090 0.000 133.321 72.880
90.300 99.963 63.050 116.476 119.597 134.676 64.458 116.149 82.473 117.573 111.990 162.599 132.457 102.380 116.749 39.703 64.269 112.774 85.076 167.371 25.263 58.563 30.268 42.841 132.276 119.676 94.369 33.523 44.822 28.870 154.445 119.331 30.646 43.226 149.822 79.281 83.204 72.341 76.527 93.586 101.755 115.482 113.126 126.127 115.379 119.759 137.480 139.512 139.557 137.728 103.109 140.793 131.620 134.253 169.354 157.881 158.142 73.518 178.191 148.735 177.055 149.369 149.916 137.473 80.257 145.738 175.478 159.431 154.204 113.372 71.043 115.744 53.578 132.595 170.650 116.653 114.246 129.558 115.183 172.488 170.484 120.193 122.588 171.278
149.479 38.257 92.928 77.188 129.065 114.057 121.669 147.698 32.182 144.924 137.660 99.614 93.646 147.934 90.463 27.631 106.992 97.702 108.458 87.646 58.563 22.156 64.130 49.367 66.222 102.587 45.944 78.446 127.462 116.650 98.526 135.444 125.885 106.453 164.362 103.387 85.593 93.592 88.341 92.863 139.272 129.634 98.439 104.464 101.300 107.413 113.249 168.679 131.887 123.421 35.873 85.338 81.704 0.000 162.220 123.712 127.873 33.985 141.416 133.319 106.264 90.181 131.554 91.312 34.626 111.828 144.547 127.839 113.858 87.284 21.086 92.385 47.918 67.273 111.425 43.789 84.252 106.389 84.122 99.497 146.543 89.163 100.207 162.774
104.605 94.867 29.640 148.715 112.563 136.786 97.511 127.734 96.434 130.345 64.846 167.448 127.626 115.315 135.097 55.623 27.664 65.520 43.672 153.582 30.268 64.130 27.933 86.582 135.740 81.361 55.706 77.450 53.866 65.656 129.929 96.218 48.890 45.049 151.995 78.646 74.446 70.538 75.529 95.431 93.422 117.915 117.426 117.556 111.516 114.387 131.751 142.460 136.980 177.790 89.349 116.071 151.628 139.739 175.792 162.061 185.899 101.213 172.638 147.350 175.701 151.631 177.505 141.602 95.011 131.779 158.878 148.315 158.100 110.756 75.395 113.655 113.179 134.835 144.552 105.691 125.020 150.015 132.432 151.240 167.017 125.800 125.522 172.410
107.759 93.935 127.905 26.891 102.242 78.119 70.714 114.024 27.733 93.735 156.370 36.773 151.645 123.718 60.165 34.394 136.650 167.407 160.669 32.833 42.841 49.367 86.582 24.386 126.080 169.470 104.887 32.812 112.264 89.829 167.793 132.699 89.401 108.097 78.146 91.478 116.356 105.167 105.894 67.514 118.592 133.698 100.441 137.597 124.815 120.978 115.972 141.408 143.867 111.485 91.399 143.582 38.346 139.505 84.573 113.862 124.116 32.623 135.890 158.078 69.683 157.277 133.108 82.010 48.870 146.295 171.429 170.712 69.781 110.388 50.951 126.475 28.445 116.852 169.480 103.914 82.831 123.466 106.944 155.386 159.388 104.146 122.370 76.453
135.676 28.945 111.100 151.666 64.030 111.663 146.762 120.010 110.161 153.832 48.951 144.865 25.254 111.911 117.720 97.867 91.181 85.022 107.648 145.195 132.276 66.222 135.740 126.080 20.047 76.031 33.995 149.503 87.287 133.990 44.648 69.905 84.435 55.012 128.047 67.246 32.408 50.433 44.841 64.982 55.488 28.065 55.037 37.418 58.229 59.489 77.224 57.472 24.820 197.184 31.211 115.089 154.588 84.228 110.049 155.695 116.337 117.274 160.517 46.555 153.305 28.442 143.757 0.000 105.342 110.965 82.570 87.736 161.526 143.125 68.077 133.706 125.013 20.527 77.209 32.142 141.778 119.008 113.116 52.318 81.835 118.783 77.697 131.602
134.459 71.738 31.114 184.657 118.540 158.094 143.951 158.522 151.018 174.691 29.959 175.253 39.045 140.117 145.024 141.865 35.262 36.878 33.870 177.164 119.676 102.587 81.361 169.470 76.031 20.819 33.632 158.435 100.333 120.922 30.501 91.476 101.401 76.388 161.274 94.705 66.172 71.332 73.726 129.195 116.236 83.653 127.293 83.859 120.144 115.863 162.632 152.645 97.410 0.000 67.710 114.959 192.169 135.498 169.389 183.945 175.122 164.064 192.708 110.372 176.602 99.794 181.365 189.529 159.403 112.890 112.477 112.107 181.225 175.122 111.586 140.461 174.739 72.670 110.236 96.731 187.383 154.547 178.985 109.015 153.481 196.450 129.376 177.836
137.420 35.946 32.010 141.517 142.183 159.629 129.549 159.988 98.242 172.062 83.491 173.512 32.688 148.372 146.124 43.684 76.770 86.300 80.510 167.611 94.369 45.944 55.706 104.887 33.995 33.632 27.484 116.370 106.887 119.903 38.222 128.250 107.134 85.173 160.531 93.029 64.771 76.311 81.510 126.680 114.490 85.113 105.198 75.603 95.806 93.487 131.608 135.059 86.805 153.069 40.605 101.959 132.917 143.174 176.200 154.379 177.104 98.271 179.472 98.164 168.743 56.086 169.104 154.372 52.739 104.573 110.237 103.403 180.579 114.774 51.012 103.438 102.176 37.419 90.954 41.414 126.445 142.943 144.589 76.902 159.479 128.642 112.493 174.137
93.514 116.316 101.544 29.330 133.059 101.659 35.113 109.840 66.881 49.345 150.142 64.864 149.761 113.537 96.017 66.560 125.502 165.142 146.306 40.294 33.523 78.446 77.450 32.812 149.503 158.435 116.370 25.249 106.347 49.012 179.103 143.502 88.006 99.643 130.276 91.210 111.905 97.352 96.640 96.898 123.461 129.635 122.357 153.245 141.101 137.849 133.462 155.214 151.837 142.119 124.514 165.144 73.693 165.553 144.730 138.963 150.390 79.123 153.356 172.151 117.486 167.776 149.196 129.001 111.252 170.771 184.787 181.939 88.472 128.617 87.443 147.178 90.051 159.481 187.527 140.546 125.237 141.277 124.887 185.158 179.619 121.091 138.949 147.343
30.821 119.608 115.645 119.816 49.824 75.793 71.109 50.496 100.938 106.192 37.617 117.295 75.495 27.913 94.595 108.685 51.670 41.364 57.522 122.878 44.822 127.462 53.866 112.264 87.287 100.333 106.887 106.347 24.693 31.259 96.646 27.994 29.858 32.616 124.742 89.210 90.537 47.690 56.087 69.281 43.793 67.078 136.232 117.974 139.983 146.695 147.853 171.419 76.359 178.496 114.955 149.142 149.441 184.481 178.107 170.728 175.847 108.452 180.013 131.058 176.447 95.125 172.391 178.896 129.786 158.964 137.648 150.367 173.894 141.004 109.770 140.300 134.943 105.630 136.010 139.926 146.660 163.756 142.884 125.635 184.476 150.757 164.133 161.379
33.678 128.750 96.601 97.947 125.857 103.836 29.813 79.207 80.021 56.211 109.573 156.997 123.025 47.237 104.565 107.423 90.267 112.924 99.639 97.146 28.870 116.650 65.656 89.829 133.990 120.922 119.903 49.012 31.259 20.334 153.884 113.269 28.770 36.168 134.817 84.364 98.207 66.966 75.959 90.085 104.807 108.052 127.292 137.879 137.288 136.276 151.741 139.117 128.873 170.049 115.212 168.485 131.148 0.000 162.912 136.905 158.294 77.941 165.062 155.240 147.745 149.725 151.834 0.000 117.009 163.442 182.375 169.295 155.581 125.924 96.904 145.642 113.273 160.564 165.722 152.677 125.170 137.035 123.346 170.756 0.000 117.251 136.881 149.912
149.687 66.548 118.649 189.625 102.648 163.918 172.510 148.098 148.581 181.446 48.182 177.462 22.360 121.212 164.371 149.697 91.939 73.326 79.579 178.929 154.445 98.526 129.929 167.793 44.648 30.501 38.222 179.103 96.646 153.884 24.557 99.011 103.846 83.274 172.019 97.548 67.765 74.067 75.377 130.421 97.110 73.584 111.152 73.195 102.392 101.311 133.688 0.000 85.203 0.000 73.574 0.000 176.158 129.163 0.000 0.000 0.000 165.640 193.640 92.720 187.812 63.191 172.175 0.000 158.952 128.585 113.512 120.862 0.000 177.265 108.941 172.941 172.877 59.274 96.755 87.818 191.198 141.255 146.710 88.123 155.299 0.000 112.910 174.210
94.192 117.928 168.006 139.826 20.971 30.319 134.094 26.433 91.242 140.140 32.179 116.472 48.924 22.384 53.173 139.743 52.872 48.105 62.758 130.775 119.331 135.444 96.218 132.699 69.905 91.476 128.250 143.502 27.994 113.269 99.011 16.335 65.780 29.028 119.135 73.926 66.746 40.057 41.602 42.099 31.517 51.902 85.815 70.671 86.916 79.605 111.238 79.784 56.916 0.000 143.669 133.314 172.532 119.705 153.339 0.000 171.241 147.887 174.343 69.183 159.311 67.418 158.368 157.636 156.615 99.351 118.656 0.000 174.682 150.848 140.737 148.121 166.228 80.932 127.021 134.090 170.894 162.829 154.403 129.484 105.709 146.270 126.836 143.550
70.684 106.386 98.999 94.658 64.403 102.224 85.586 98.957 80.480 99.170 71.418 115.039 79.948 68.063 0.000 93.966 66.319 84.758 69.623 0.000 30.646 125.885 48.890 89.401 84.435 101.401 107.134 88.006 29.858 28.770 103.846 65.780 21.756 23.406 121.092 105.196 75.514 40.305 59.558 94.408 72.090 57.777 112.754 95.424 119.259 114.095 128.893 0.000 68.049 0.000 115.769 133.363 131.482 185.964 135.792 138.649 160.526 87.035 164.231 112.915 138.547 95.840 148.355 0.000 121.224 141.736 126.070 168.693 150.240 127.477 103.724 141.702 117.774 106.607 142.384 136.742 123.245 146.264 123.193 138.733 145.161 119.714 139.294 162.764
76.795 77.974 83.446 123.940 29.170 61.562 104.719 88.540 106.067 115.442 29.725 113.790 46.071 60.831 76.477 94.168 26.927 39.304 31.753 114.159 43.226 106.453 45.049 108.097 55.012 76.388 85.173 99.643 32.616 36.168 83.274 29.028 23.406 21.940 116.152 67.603 51.451 31.690 38.040 43.143 27.298 37.580 84.738 68.910 100.794 91.894 120.655 99.071 49.005 182.714 81.445 126.370 153.578 104.063 135.557 150.909 170.972 116.482 175.606 86.581 153.357 69.965 170.628 127.806 119.593 131.151 119.905 127.133 161.735 133.149 95.506 126.929 130.254 68.362 124.944 112.294 143.514 155.190 140.991 114.336 155.345 133.479 147.223 144.222
92.865 145.755 150.589 81.059 75.301 38.876 117.122 46.284 56.723 50.103 125.524 48.784 121.315 79.022 41.942 159.010 146.552 156.440 155.441 62.708 149.822 164.362 151.995 78.146 128.047 161.274 160.531 130.276 124.742 134.817 172.019 119.135 121.092 116.152 39.420 89.748 116.555 113.895 98.349 66.184 108.979 113.434 103.575 117.800 125.346 114.428 105.088 113.072 120.070 92.511 178.661 164.036 85.187 105.085 76.642 178.387 95.564 57.358 116.841 126.654 58.142 135.646 159.916 59.002 173.783 177.785 164.729 159.275 85.905 168.816 167.375 172.232 82.809 140.419 166.825 170.555 166.325 172.629 180.523 161.666 139.770 162.119 150.943 64.454
87.072 98.932 86.605 97.228 66.278 77.156 94.320 86.545 34.394 104.643 67.235 80.658 68.238 87.670 54.962 90.388 95.612 93.994 92.391 79.713 79.281 103.387 78.646 91.478 67.246 94.705 93.029 91.210 89.210 84.364 97.548 73.926 105.196 67.603 89.748 21.758 40.687 49.337 43.425 41.189 58.625 51.286 34.108 50.491 59.772 52.286 73.060 63.785 54.341 125.111 103.590 116.254 116.036 77.898 106.218 129.347 110.939 90.261 130.405 71.324 110.608 74.093 123.776 85.448 107.643 120.174 101.059 102.297 122.504 111.591 92.093 118.198 114.184 78.389 103.444 108.776 121.677 118.098 112.337 105.809 88.785 105.304 82.121 107.083
103.337 54.829 53.061 136.726 73.554 112.946 121.359 114.158 104.967 139.026 54.046 136.280 45.126 113.056 92.013 91.635 70.840 65.750 66.282 130.003 83.204 85.593 74.446 116.356 32.408 66.172 64.771 111.905 90.537 98.207 67.765 66.746 75.514 51.451 116.555 40.687 19.363 33.162 27.727 72.556 57.832 35.995 68.969 39.491 53.585 54.466 83.150 64.562 31.082 134.718 63.181 91.185 147.700 68.947 120.044 144.575 138.337 119.423 147.246 50.953 144.584 49.322 141.017 104.230 104.404 79.172 77.243 80.330 138.447 120.969 96.235 104.657 131.155 40.400 78.680 75.888 137.148 123.960 126.522 77.410 93.224 123.047 74.476 140.101
88.870 73.485 75.481 122.322 45.083 76.285 102.089 90.776 113.275 112.951 42.558 120.217 45.183 80.362 83.266 84.424 48.547 63.415 57.296 120.977 72.341 93.592 70.538 105.167 50.433 71.332 76.311 97.352 47.690 66.966 74.067 40.057 40.305 31.690 113.895 49.337 33.162 17.595 18.754 53.694 34.421 30.119 77.616 67.216 86.287 79.083 106.390 94.295 46.412 163.253 73.266 113.473 154.614 97.398 142.249 158.159 160.929 117.877 173.458 70.751 158.328 64.457 162.551 95.239 107.227 121.116 112.896 119.272 155.689 124.612 91.338 115.573 126.682 65.552 112.833 102.997 141.682 145.617 129.191 107.029 101.543 126.889 107.901 138.942
97.333 87.147 81.524 133.330 43.247 63.262 99.565 77.907 99.468 109.998 50.433 110.962 48.409 80.514 90.165 88.606 68.239 66.188 62.610 133.164 76.527 88.341 75.529 105.894 44.841 73.726 81.510 96.640 56.087 75.959 75.377 41.602 59.558 38.040 98.349 43.425 27.727 18.754 26.207 42.182 32.632 21.132 68.950 55.700 58.753 52.480 75.444 62.784 39.794 170.830 89.940 132.470 143.293 64.648 111.369 135.175 124.634 110.825 155.909 57.868 132.523 57.693 141.919 79.773 115.693 118.436 108.449 119.372 150.623 124.748 103.476 119.652 127.666 63.949 107.888 104.882 138.269 124.066 124.628 101.545 85.631 124.109 79.800 119.183
84.166 118.783 119.592 77.253 29.508 33.269 104.149 41.996 44.608 91.625 52.302 51.848 52.341 64.219 21.322 112.035 122.228 104.584 122.862 64.595 93.586 92.863 95.431 67.514 64.982 129.195 126.680 96.898 69.281 90.085 130.421 42.099 94.408 43.143 66.184 41.189 72.556 53.694 42.182 20.515 22.830 49.967 72.428 77.580 86.447 67.755 80.612 84.639 59.112 0.000 117.853 131.198 100.302 64.219 108.551 145.769 119.224 86.077 130.156 76.791 111.851 76.908 133.162 60.441 126.110 152.973 131.747 144.227 107.774 136.060 103.868 139.865 103.021 79.164 147.054 137.465 133.586 148.173 136.590 140.199 119.192 109.146 114.746 107.669
95.721 88.118 146.244 124.923 22.932 34.511 116.364 38.886 76.260 123.850 37.515 103.649 41.488 58.301 38.100 108.135 73.403 67.036 73.607 113.782 101.755 139.272 93.422 118.592 55.488 116.236 114.490 123.461 43.793 104.807 97.110 31.517 72.090 27.298 108.979 58.625 57.832 34.421 32.632 22.830 17.350 33.906 64.750 67.919 74.765 55.139 86.588 57.366 45.901 120.723 81.973 139.275 148.260 83.916 118.133 136.686 141.655 129.591 160.102 65.095 141.682 65.501 183.178 101.443 131.752 126.628 111.718 116.453 142.142 127.358 115.319 133.109 146.330 63.262 128.971 128.671 154.866 156.110 136.041 119.610 97.235 77.164 78.204 126.633
85.297 61.800 127.327 136.455 40.629 99.093 122.073 102.962 106.218 129.188 34.370 124.346 23.957 84.702 81.157 113.335 100.036 68.653 82.094 125.851 115.482 129.634 117.915 133.698 28.065 83.653 85.113 129.635 67.078 108.052 73.584 51.902 57.777 37.580 113.434 51.286 35.995 30.119 21.132 49.967 33.906 19.393 47.274 41.984 49.892 43.754 65.924 49.785 20.719 0.000 50.297 0.000 162.247 77.087 117.640 147.953 117.076 126.940 144.931 41.593 144.693 29.323 139.136 118.567 118.620 129.251 111.121 108.769 139.988 117.059 101.644 138.341 143.324 34.656 106.030 82.367 139.008 132.152 131.696 90.026 87.039 109.295 81.576 121.996
121.484 96.580 116.083 107.744 78.185 117.042 144.071 134.923 84.032 138.702 74.683 112.118 59.847 146.761 91.827 89.522 127.123 121.098 124.610 109.741 113.126 98.439 117.426 100.441 55.037 127.293 105.198 122.357 136.232 127.292 111.152 85.815 112.754 84.738 103.575 34.108 68.969 77.616 68.950 72.428 64.750 47.274 21.095 39.344 49.320 52.757 37.797 56.853 50.282 110.741 92.618 79.726 84.811 66.596 72.955 76.582 76.038 42.175 96.025 71.529 79.009 70.053 84.163 47.510 79.407 95.591 91.566 90.459 72.835 79.108 61.849 80.582 78.608 70.765 93.481 89.152 80.339 82.824 79.743 96.214 77.085 91.398 67.332 92.544
138.634 64.190 86.339 161.836 61.895 130.868 155.137 148.448 116.676 162.072 64.419 142.435 46.208 145.122 92.380 90.992 90.872 81.161 92.570 146.394 126.127 104.464 117.556 137.597 37.418 83.859 75.603 153.245 117.974 137.879 73.195 70.671 95.424 68.910 117.800 50.491 39.491 67.216 55.700 77.580 67.919 41.984 39.344 21.996 29.755 27.443 70.412 54.681 28.869 117.448 54.582 56.133 138.323 63.220 102.637 119.078 106.800 112.528 139.687 30.901 134.679 43.525 111.514 92.937 76.151 64.093 51.658 55.501 134.597 86.023 46.924 71.191 117.082 41.842 61.169 64.539 111.581 72.594 92.571 60.377 61.926 68.352 49.616 112.638
170.240 102.593 106.743 144.308 68.316 133.782 155.653 161.368 109.388 173.158 76.483 154.389 54.514 163.242 108.126 91.659 122.184 121.847 125.579 154.276 115.379 101.300 111.516 124.815 58.229 120.144 95.806 141.101 139.983 137.288 102.392 86.916 119.259 100.794 125.346 59.772 53.585 86.287 58.753 86.447 74.765 49.892 49.320 29.755 19.684 20.506 47.003 37.564 30.699 83.697 101.295 68.069 115.664 42.614 76.739 102.410 92.339 90.055 109.121 31.215 109.048 45.847 94.947 66.144 79.714 45.556 58.277 55.744 110.002 71.744 60.964 64.571 100.162 59.186 72.170 74.866 95.367 48.792 70.099 72.703 41.508 38.034 25.813 119.807
173.209 86.406 107.930 141.778 56.452 110.237 158.490 158.155 89.797 159.677 70.202 127.595 51.303 163.775 114.598 93.421 120.546 115.564 117.564 131.565 119.759 107.413 114.387 120.978 59.489 115.863 93.487 137.849 146.695 136.276 101.311 79.605 114.095 91.894 114.428 52.286 54.466 79.083 52.480 67.755 55.139 43.754 52.757 27.443 20.506 29.400 31.163 31.324 22.681 97.945 68.282 64.787 114.705 40.348 64.209 91.988 70.469 92.627 105.860 42.735 112.946 47.183 93.868 86.388 79.064 66.985 70.723 65.853 111.152 77.698 65.173 73.739 95.504 54.460 75.013 72.997 92.604 70.670 80.540 78.119 48.124 54.016 37.834 104.375
174.542 116.727 129.812 112.216 82.196 113.330 157.628 142.051 62.059 124.704 106.000 101.679 83.926 153.221 84.371 114.457 163.877 147.215 162.354 104.354 137.480 113.249 131.751 115.972 77.224 162.632 131.608 133.462 147.853 151.741 133.688 111.238 128.893 120.655 105.088 73.060 83.150 106.390 75.444 80.612 86.588 65.924 37.797 70.412 47.003 31.163 20.613 22.389 51.585 110.211 113.673 103.548 88.004 27.249 31.538 101.098 36.047 39.920 92.843 46.007 57.881 61.296 69.810 21.357 97.886 87.556 94.252 96.173 72.462 96.487 81.952 92.301 74.417 92.447 121.471 110.457 101.339 69.641 102.101 122.942 41.803 99.789 40.788 79.301
0.000 82.962 160.731 148.732 63.454 124.651 168.411 159.502 105.657 163.645 81.514 137.338 64.674 165.654 102.882 132.659 196.734 126.344 0.000 138.811 139.512 168.679 142.460 141.408 57.472 152.645 135.059 155.214 171.419 139.117 0.000 79.784 0.000 99.071 113.072 63.785 64.562 94.295 62.784 84.639 57.366 49.785 56.853 54.681 37.564 31.324 22.389 15.619 32.270 112.502 62.861 133.266 117.328 18.507 35.696 110.660 38.554 81.863 115.185 30.836 101.075 50.676 69.117 35.376 121.900 75.183 69.819 75.055 108.515 109.002 112.525 87.983 111.032 78.979 102.856 124.325 117.449 39.863 88.901 97.255 27.488 54.294 26.139 108.583
0.000 42.812 176.132 174.306 45.912 101.963 134.463 114.737 108.353 149.562 40.093 147.953 25.877 110.633 84.454 134.293 112.659 85.835 97.767 143.668 139.557 131.887 136.980 143.867 24.820 97.410 86.805 151.837 76.359 128.873 85.203 56.916 68.049 49.005 120.070 54.341 31.082 46.412 39.794 59.112 45.901 20.719 50.282 28.869 30.699 22.681 51.585 32.270 19.384 0.000 46.286 123.563 146.551 41.607 88.960 123.707 110.522 104.990 137.671 24.920 128.408 24.664 105.379 64.749 117.742 76.077 61.655 69.492 133.430 116.496 89.666 107.118 133.919 33.231 91.840 90.223 132.904 81.393 92.842 69.368 46.035 53.431 42.536 119.990
0.000 0.000 160.188 135.895 0.000 177.187 0.000 177.197 67.851 160.507 132.565 148.178 111.812 181.221 0.000 111.234 153.500 0.000 167.504 0.000 137.728 123.421 177.790 111.485 197.184 0.000 153.069 142.119 178.496 170.049 0.000 0.000 0.000 182.714 92.511 125.111 134.718 163.253 170.830 0.000 120.723 0.000 110.741 117.448 83.697 97.945 110.211 112.502 0.000 17.500 0.000 110.061 105.360 85.952 81.242 31.209 59.479 125.026 52.801 99.454 105.412 112.014 33.386 0.000 118.484 106.760 127.763 125.006 108.011 63.551 83.474 95.596 89.388 0.000 127.149 136.934 97.329 28.949 27.758 132.719 89.146 43.272 72.768 154.746
0.000 17.483 58.311 116.452 105.562 164.812 153.002 172.910 76.960 174.278 83.871 147.657 53.446 156.774 145.351 63.907 72.250 74.651 80.151 141.234 103.109 35.873 89.349 91.399 31.211 67.710 40.605 124.514 114.955 115.212 73.574 143.669 115.769 81.445 178.661 103.590 63.181 73.266 89.940 117.853 81.973 50.297 92.618 54.582 101.295 68.282 113.673 62.861 46.286 0.000 18.295 96.340 106.049 0.000 152.893 147.678 181.357 73.444 186.562 72.543 108.864 50.627 175.668 125.529 67.971 66.703 66.541 51.783 148.689 125.769 31.876 112.414 85.097 31.768 58.988 24.957 112.928 158.210 111.798 59.759 0.000 100.404 134.609 182.987
169.093 79.846 99.454 171.932 124.492 172.482 174.546 188.024 158.165 186.078 144.868 183.504 132.475 190.125 125.659 113.764 113.236 143.083 117.762 196.140 140.793 85.338 116.071 143.582 115.089 114.959 101.959 165.144 149.142 168.485 0.000 133.314 133.363 126.370 164.036 116.254 91.185 113.473 132.470 131.198 139.275 0.000 79.726 56.133 68.069 64.787 103.548 133.266 123.563 110.061 96.340 21.341 138.209 149.380 148.063 108.082 131.544 137.971 129.350 121.948 164.337 131.719 125.168 143.274 94.819 48.222 91.239 67.062 169.788 57.338 86.775 32.566 137.447 117.117 32.188 28.517 95.794 124.019 97.540 136.048 162.397 90.692 80.981 153.663
0.000 114.156 0.000 32.833 137.798 99.419 132.122 132.334 53.334 129.938 167.729 55.432 160.862 154.114 85.288 101.526 180.025 173.743 184.057 40.670 131.620 81.704 151.628 38.346 154.588 192.169 132.917 73.693 149.441 131.148 176.158 172.532 131.482 153.578 85.187 116.036 147.700 154.614 143.293 100.302 148.260 162.247 84.811 138.323 115.664 114.705 88.004 117.328 146.551 105.360 106.049 138.209 20.233 119.477 62.103 79.724 106.967 37.500 32.068 143.015 33.651 158.354 111.528 76.672 76.593 165.510 175.586 170.322 21.478 116.174 72.102 132.521 21.989 134.842 175.832 133.675 28.303 115.388 108.314 183.468 139.934 92.759 116.596 65.154
0.000 103.411 162.248 156.703 64.495 105.299 157.696 128.700 90.760 135.291 91.103 103.014 72.888 171.740 79.204 166.615 196.842 142.071 0.000 123.729 134.253 0.000 139.739 139.505 84.228 135.498 143.174 165.553 184.481 0.000 129.163 119.705 185.964 104.063 105.085 77.898 68.947 97.398 64.648 64.219 83.916 77.087 66.596 63.220 42.614 40.348 27.249 18.507 41.607 85.952 0.000 149.380 119.477 15.077 33.716 120.925 29.645 79.046 107.394 33.913 83.959 47.650 55.489 29.717 162.745 52.476 73.097 79.060 108.947 120.830 106.057 112.655 124.518 85.503 102.376 121.619 132.770 41.150 111.162 100.213 19.970 88.799 30.276 74.304
0.000 148.397 186.863 74.715 112.387 101.949 160.352 149.279 51.382 125.163 139.653 58.469 121.431 171.825 87.428 168.960 0.000 0.000 0.000 76.574 169.354 162.220 175.792 84.573 110.049 169.389 176.200 144.730 178.107 162.912 0.000 153.339 135.792 135.557 76.642 106.218 120.044 142.249 111.369 108.551 118.133 117.640 72.955 102.637 76.739 64.209 31.538 35.696 88.960 81.242 152.893 148.063 62.103 33.716 23.622 82.308 27.873 48.995 35.488 81.676 31.812 103.279 42.228 25.477 163.291 119.735 128.059 148.498 52.701 130.282 127.303 137.441 91.659 111.040 151.881 156.350 103.067 69.654 106.391 137.597 39.620 88.783 69.240 33.534
0.000 133.661 158.380 143.874 152.554 183.232 161.710 165.878 93.828 156.097 154.200 151.104 148.717 172.102 159.180 138.638 169.826 0.000 180.338 144.503 157.881 123.712 162.061 113.862 155.695 183.945 154.379 138.963 170.728 136.905 0.000 0.000 138.649 150.909 178.387 129.347 144.575 158.159 135.175 145.769 136.686 147.953 76.582 119.078 102.410 91.988 101.098 110.660 123.707 31.209 147.678 108.082 79.724 120.925 82.308 21.516 72.402 78.482 32.836 129.731 112.998 140.980 51.335 86.343 113.096 109.628 144.624 127.871 82.298 74.318 105.732 96.938 64.826 168.194 125.501 119.533 33.579 62.584 28.512 172.129 130.212 78.623 96.537 128.831
158.170 144.503 177.902 130.262 143.898 128.116 155.173 171.141 86.118 157.404 120.267 77.752 135.939 175.393 126.874 158.237 195.137 176.186 191.773 117.351 158.142 127.873 185.899 124.116 116.337 175.122 177.104 150.390 175.847 158.294 0.000 171.241 160.526 170.972 95.564 110.939 138.337 160.929 124.634 119.224 141.655 117.076 76.038 106.800 92.339 70.469 36.047 38.554 110.522 59.479 181.357 131.544 106.967 29.645 27.873 72.402 24.224 77.638 40.290 82.756 65.332 108.179 24.717 36.933 144.249 140.399 152.318 153.109 91.053 119.350 129.254 124.618 106.243 143.594 148.596 146.611 103.481 46.183 94.736 146.007 33.107 102.288 88.422 39.659
82.615 77.702 116.673 49.326 84.703 75.154 88.013 108.143 18.703 98.117 149.557 44.518 134.047 114.878 54.097 46.889 136.365 155.737 127.952 55.176 73.518 33.985 101.213 32.623 117.274 164.064 98.271 79.123 108.452 77.941 165.640 147.887 87.035 116.482 57.358 90.261 119.423 117.877 110.825 86.077 129.591 126.940 42.175 112.528 90.055 92.627 39.920 81.863 104.990 125.026 73.444 137.971 37.500 79.046 48.995 78.482 77.638 19.011 76.356 120.231 28.249 127.215 93.321 33.171 42.051 122.230 141.382 152.288 42.996 97.772 35.469 112.917 23.070 105.033 147.004 93.477 62.913 83.798 75.561 138.950 99.224 59.491 86.792 53.019
186.116 169.259 180.844 140.303 153.354 152.193 153.796 170.172 95.024 157.947 168.804 135.539 159.614 179.061 148.434 155.190 194.175 194.916 192.385 136.695 178.191 141.416 172.638 135.890 160.517 192.708 179.472 153.356 180.013 165.062 193.640 174.343 164.231 175.606 116.841 130.405 147.246 173.458 155.909 130.156 160.102 144.931 96.025 139.687 109.121 105.860 92.843 115.185 137.671 52.801 186.562 129.350 32.068 107.394 35.488 32.836 40.290 76.356 25.642 138.232 35.250 154.593 46.925 71.840 153.331 141.667 159.424 155.902 26.574 114.598 150.834 123.741 81.591 164.505 165.441 156.971 48.634 96.669 55.330 180.940 131.703 98.763 110.347 44.186
136.496 76.069 139.879 161.250 61.175 130.089 162.361 154.609 132.042 172.883 71.063 156.451 45.944 147.659 116.030 133.650 121.507 107.836 108.076 161.780 148.735 133.319 147.350 158.078 46.555 110.372 98.164 172.151 131.058 155.240 92.720 69.183 112.915 86.581 126.654 71.324 50.953 70.751 57.868 76.791 65.095 41.593 71.529 30.901 31.215 42.735 46.007 30.836 24.920 99.454 72.543 121.948 143.015 33.913 81.676 129.731 82.756 120.231 138.232 22.216 132.208 27.589 83.650 78.065 122.095 32.605 28.558 34.716 134.975 89.292 101.144 58.913 136.882 46.783 34.496 73.960 137.344 40.246 91.544 35.815 31.225 65.342 29.973 134.732
152.924 111.681 184.663 53.317 99.650 70.931 157.063 123.006 42.747 113.766 152.743 43.520 150.888 162.329 70.509 149.470 0.000 191.794 0.000 39.468 177.055 106.264 175.701 69.683 153.305 176.602 168.743 117.486 176.447 147.745 187.812 159.311 138.547 153.357 58.142 110.608 144.584 158.328 132.523 111.851 141.682 144.693 79.009 134.679 109.048 112.946 57.881 101.075 128.408 105.412 108.864 164.337 33.651 83.959 31.812 112.998 65.332 28.249 35.250 132.208 21.573 145.174 97.819 35.890 158.760 133.134 157.913 152.788 22.395 152.781 89.927 145.062 31.604 166.933 176.773 177.319 69.735 113.138 146.330 177.170 115.792 138.272 109.928 42.108
133.507 48.292 137.352 172.241 66.797 109.988 157.183 128.615 141.302 168.270 53.092 155.243 26.738 130.559 102.979 128.708 127.575 100.107 109.212 171.336 149.369 90.181 151.631 157.277 28.442 99.794 56.086 167.776 95.125 149.725 63.191 67.418 95.840 69.965 135.646 74.093 49.322 64.457 57.693 76.908 65.501 29.323 70.053 43.525 45.847 47.183 61.296 50.676 24.664 112.014 50.627 131.719 158.354 47.650 103.279 140.980 108.179 127.215 154.593 27.589 145.174 19.731 117.646 107.245 127.228 107.057 68.860 87.422 150.346 128.289 82.417 125.353 141.679 21.448 25.334 36.531 148.373 95.093 109.103 21.635 70.145 82.078 62.928 135.205
182.159 156.331 170.523 133.501 154.570 168.051 164.016 174.711 101.004 169.913 146.744 142.637 134.456 177.697 148.863 145.303 187.398 194.637 189.970 133.053 149.916 131.554 177.505 133.108 143.757 181.365 169.104 149.196 172.391 151.834 172.175 158.368 148.355 170.628 159.916 123.776 141.017 162.551 141.919 133.162 183.178 139.136 84.163 111.514 94.947 93.868 69.810 69.117 105.379 33.386 175.668 125.168 111.528 55.489 42.228 51.335 24.717 93.321 46.925 83.650 97.819 117.646 24.188 67.968 133.478 122.783 123.953 144.260 98.694 96.881 117.243 107.084 107.368 143.305 143.815 141.030 102.123 28.156 56.829 154.764 29.806 59.275 69.486 71.764
